% initial states

%% biomodel 02
x0=zeros(13,1);
x0(1) = 0.0;
x0(2) = 0.0;
x0(3) = 0.0;
x0(4) = 0.0;
x0(5) = 0.0;
x0(6) = 1.0E-22;
x0(7) = 0.0;
x0(8) = 0.0;
x0(9) = 0.0;
x0(10) = 0.0;
x0(11) = 0.0;
x0(12) = 0.0;
x0(13) = 1.0E-21;
%% biomodel 03
x0=zeros(3,1);
x0(1) = 0.01;
x0(2) = 0.01;
x0(3) = 0.01;
%% biomodel 05

%% biomodel 33
x0=zeros(28,1);
x0(1) = 1.0002E7;
x0(2) = 456000.0;
x0(3) = 80000.0;
x0(4) = 0.0;
x0(5) = 10000.0;
x0(6) = 0.0;
x0(7) = 120000.0;
x0(8) = 0.0;
x0(9) = 120000.0;
x0(10) = 0.0;
x0(11) = 120000.0;
x0(12) = 0.0;
x0(13) = 120000.0;
x0(14) = 0.0;
x0(15) = 120000.0;
x0(16) = 0.0;
x0(17) = 600000.0;
x0(18) = 0.0;
x0(19) = 600000.0;
x0(20) = 0.0;
x0(21) = 120000.0;
x0(22) = 0.0;
x0(23) = 120000.0;
x0(24) = 0.0;
x0(25) = 120000.0;
x0(26) = 0.0;
x0(27) = 120000.0;
x0(28) = 0.0;



